191
0.000000 -300.000000
0.000000 300.000000
4.960183 299.958991
9.919011 299.835977
14.875126 299.630991
19.827175 299.344088
24.773804 298.975348
29.713659 298.524871
34.645391 297.992780
39.567651 297.379221
44.479094 296.684361
49.378377 295.908391
54.264160 295.051522
59.135108 294.113990
63.989889 293.096049
68.827176 291.997979
73.645646 290.820080
78.443982 289.562673
83.220873 288.226103
87.975011 286.810734
92.705098 285.316955
97.409841 283.745173
102.087952 282.095817
106.738154 280.369339
111.359175 278.566212
115.949751 276.686926
120.508627 274.731998
125.034558 272.701961
129.526306 270.597369
133.982642 268.418799
138.402349 266.166846
142.784218 263.842125
147.127051 261.445273
151.429661 258.976944
155.690872 256.437814
159.909519 253.828576
164.084447 251.149943
168.214517 248.402649
172.298599 245.587444
176.335576 242.705098
180.324344 239.756399
184.263814 236.742153
188.152908 233.663184
191.990562 230.520333
195.775728 227.314461
199.507372 224.046443
203.184471 220.717173
206.806023 217.327561
210.371035 213.878534
213.878534 210.371035
217.327561 206.806023
220.717173 203.184471
224.046443 199.507372
227.314461 195.775728
230.520333 191.990562
233.663184 188.152908
236.742153 184.263814
239.756399 180.324344
242.705098 176.335576
245.587444 172.298599
248.402649 168.214517
251.149943 164.084447
253.828576 159.909519
256.437814 155.690872
258.976944 151.429661
261.445273 147.127051
263.842125 142.784218
266.166846 138.402349
268.418799 133.982642
270.597369 129.526306
272.701961 125.034558
274.731998 120.508627
276.686926 115.949751
278.566212 111.359175
280.369339 106.738154
282.095817 102.087952
283.745173 97.409841
285.316955 92.705098
286.810734 87.975011
288.226103 83.220873
289.562673 78.443982
290.820080 73.645646
291.997979 68.827176
293.096049 63.989889
294.113990 59.135108
295.051522 54.264160
295.908391 49.378377
296.684361 44.479094
297.379221 39.567651
297.992780 34.645391
298.524871 29.713659
298.975348 24.773804
299.344088 19.827175
299.630991 14.875126
299.835977 9.919011
299.958991 4.960183
300.000000 0.000000
299.958991 -4.960183
299.835977 -9.919011
299.630991 -14.875126
299.344088 -19.827175
298.975348 -24.773804
298.524871 -29.713659
297.992780 -34.645391
297.379221 -39.567651
296.684361 -44.479094
295.908391 -49.378377
295.051522 -54.264160
294.113990 -59.135108
293.096049 -63.989889
291.997979 -68.827176
290.820080 -73.645646
289.562673 -78.443982
288.226103 -83.220873
286.810734 -87.975011
285.316955 -92.705098
283.745173 -97.409841
282.095817 -102.087952
280.369339 -106.738154
278.566212 -111.359175
276.686926 -115.949751
274.731998 -120.508627
272.701961 -125.034558
270.597369 -129.526306
268.418799 -133.982642
266.166846 -138.402349
263.842125 -142.784218
261.445273 -147.127051
258.976944 -151.429661
256.437814 -155.690872
253.828576 -159.909519
251.149943 -164.084447
248.402649 -168.214517
245.587444 -172.298599
242.705098 -176.335576
239.756399 -180.324344
236.742153 -184.263814
233.663184 -188.152908
230.520333 -191.990562
227.314461 -195.775728
224.046443 -199.507372
220.717173 -203.184471
217.327561 -206.806023
213.878534 -210.371035
210.371035 -213.878534
206.806023 -217.327561
203.184471 -220.717173
199.507372 -224.046443
195.775728 -227.314461
191.990562 -230.520333
188.152908 -233.663184
184.263814 -236.742153
180.324344 -239.756399
176.335576 -242.705098
172.298599 -245.587444
168.214517 -248.402649
164.084447 -251.149943
159.909519 -253.828576
155.690872 -256.437814
151.429661 -258.976944
147.127051 -261.445273
142.784218 -263.842125
138.402349 -266.166846
133.982642 -268.418799
129.526306 -270.597369
125.034558 -272.701961
120.508627 -274.731998
115.949751 -276.686926
111.359175 -278.566212
106.738154 -280.369339
102.087952 -282.095817
97.409841 -283.745173
92.705098 -285.316955
87.975011 -286.810734
83.220873 -288.226103
78.443982 -289.562673
73.645646 -290.820080
68.827176 -291.997979
63.989889 -293.096049
59.135108 -294.113990
54.264160 -295.051522
49.378377 -295.908391
44.479094 -296.684361
39.567651 -297.379221
34.645391 -297.992780
29.713659 -298.524871
24.773804 -298.975348
19.827175 -299.344088
14.875126 -299.630991
9.919011 -299.835977
4.960183 -299.958991
