           1   9.22178237E+12
           2   1.42463394E+13
           3   2.18214747E+13
           4   3.31395419E+13
           5   4.98975291E+13
           6   7.44851180E+13
           7   1.10231326E+14
           8   1.61722967E+14
           9   2.35209505E+14
          10   3.39108572E+14
          11   4.84625789E+14
          12   6.86499251E+14
          13   9.63873474E+14
          14   1.34129856E+15
          15   1.84983852E+15
          16   2.52825424E+15
          17   3.42420563E+15
          18   4.59539006E+15
          19   6.11050634E+15
          20   8.04989292E+15
          21   1.05056715E+16
          22   1.35811698E+16
          23   1.73894174E+16
          24   2.20504394E+16
          25   2.76871437E+16
          26   3.44195887E+16
          27   4.23574915E+16
          28   5.15909367E+16
          29   6.21793797E+16
          30   7.41391929E+16
          31   8.74302441E+16
          32   1.01942105E+17
          33   1.17480859E+17
          34   1.33757522E+17
          35   1.50379346E+17
          36   1.66845392E+17
          37   1.82547603E+17
          38   1.96778634E+17
          39   2.08747454E+17
          40   2.17603178E+17
          41   2.22467263E+17
          42   2.22473413E+17
          43   2.16813952E+17
          44   2.04790638E+17
          45   1.85867115E+17
          46   1.59719972E+17
          47   1.26284442E+17
          48   8.57912674E+16
          49   3.87909549E+16
          50  -1.38377114E+16
          51  -7.08970982E+16
          52  -1.30899505E+17
          53  -1.92115055E+17
          54  -2.52637432E+17
          55  -3.10464322E+17
          56  -3.63588635E+17
          57  -4.10095057E+17
          58  -4.48256288E+17
          59  -4.76622382E+17
          60  -4.94097676E+17
          61  -4.99999992E+17
          62  -4.94097676E+17
          63  -4.76622382E+17
          64  -4.48256288E+17
          65  -4.10095057E+17
          66  -3.63588635E+17
          67  -3.10464322E+17
          68  -2.52637432E+17
          69  -1.92115055E+17
          70  -1.30899505E+17
          71  -7.08970982E+16
          72  -1.38377114E+16
          73   3.87909549E+16
          74   8.57912674E+16
          75   1.26284442E+17
          76   1.59719972E+17
          77   1.85867115E+17
          78   2.04790638E+17
          79   2.16813952E+17
          80   2.22473413E+17
          81   2.22467263E+17
          82   2.17603178E+17
          83   2.08747454E+17
          84   1.96778634E+17
          85   1.82547603E+17
          86   1.66845392E+17
          87   1.50379346E+17
          88   1.33757522E+17
          89   1.17480859E+17
          90   1.01942105E+17
          91   8.74302441E+16
          92   7.41391929E+16
          93   6.21793797E+16
          94   5.15909367E+16
          95   4.23574915E+16
          96   3.44195887E+16
          97   2.76871437E+16
          98   2.20504394E+16
          99   1.73894174E+16
         100   1.35811698E+16
         101   1.05056715E+16
         102   8.04989292E+15
         103   6.11050634E+15
         104   4.59539006E+15
         105   3.42420563E+15
         106   2.52825424E+15
         107   1.84983852E+15
         108   1.34129856E+15
         109   9.63873474E+14
         110   6.86499251E+14
         111   4.84625789E+14
         112   3.39108572E+14
         113   2.35209505E+14
         114   1.61722967E+14
         115   1.10231326E+14
         116   7.44851180E+13
         117   4.98975291E+13
         118   3.31395419E+13
         119   2.18214747E+13
         120   1.42463394E+13
         121   9.22178237E+12
         122   5.91873756E+12
         123   3.76665198E+12
         124   2.37685808E+12
         125   1.48723951E+12
         126   9.22776961E+11
         127   5.67751672E+11
         128   3.46396393E+11
         129   2.09579377E+11
         130   1.25744980E+11
         131   7.48179866E+10
         132   4.41469460E+10
         133   2.58333307E+10
         134   1.49916938E+10
         135   8.62813286E+09
         136   4.92474624E+09
         137   2.78776755E+09
         138   1.56509082E+09
         139   871439424.    
         140   481231264.    
         141   263568464.    
         142   143172608.    
         143   77135992.0    
         144   41218144.0    
         145   21845272.0    
         146   11483320.0    
         147   5987172.00    
         148   3096159.00    
         149   1588089.75    
         150   807941.625    
