1380
107 197 485 199
197 125 198 485
199 485 198 165
88 200 486 202
200 126 201 486
202 486 201 166
86 203 487 205
203 170 204 487
205 487 204 129
105 206 488 208
206 169 207 488
208 488 207 130
98 209 489 211
209 128 210 489
211 489 210 167
117 212 490 214
212 127 213 490
214 490 213 168
115 215 491 217
215 171 216 491
217 491 216 132
96 218 492 220
218 172 219 492
220 492 219 131
88 221 493 200
221 173 222 493
200 493 222 126
107 223 494 197
223 174 224 494
197 494 224 125
98 225 495 209
225 176 226 495
209 495 226 128
117 227 496 212
227 175 228 496
212 496 228 127
105 208 497 230
208 130 229 497
230 497 229 178
86 205 498 232
205 129 231 498
232 498 231 177
115 217 499 234
217 132 233 499
234 499 233 180
96 220 500 236
220 131 235 500
236 500 235 179
31 237 501 239
237 145 238 501
239 501 238 126
69 240 502 242
240 146 241 502
242 502 241 125
12 243 503 245
243 148 244 503
245 503 244 127
50 246 504 248
246 147 247 504
248 504 247 128
39 249 505 251
249 131 250 505
251 505 250 150
77 252 506 254
252 132 253 506
254 506 253 149
58 255 507 257
255 130 256 507
257 507 256 151
20 258 508 260
258 129 259 508
260 508 259 152
6 261 509 263
261 183 262 509
263 509 262 133
5 264 510 266
264 184 265 510
266 510 265 134
6 267 511 261
267 135 268 511
261 511 268 183
5 269 512 264
269 136 270 512
264 512 270 184
111 271 513 273
271 182 272 513
273 513 272 138
92 274 514 276
274 181 275 514
276 514 275 137
92 277 515 274
277 140 278 515
274 515 278 181
111 279 516 271
279 139 280 516
271 516 280 182
31 239 517 282
239 126 281 517
282 517 281 157
69 242 518 284
242 125 283 518
284 518 283 158
50 248 519 286
248 128 285 519
286 519 285 159
12 245 520 288
245 127 287 520
288 520 287 160
58 289 521 255
289 162 290 521
255 521 290 130
20 291 522 258
291 161 292 522
258 522 292 129
39 293 523 249
293 164 294 523
249 523 294 131
77 295 524 252
295 163 296 524
252 524 296 132
5 266 525 120
266 134 297 525
120 525 297 119
6 263 526 101
263 133 298 526
101 526 298 100
6 102 527 267
102 103 299 527
267 527 299 135
5 83 528 269
83 84 300 528
269 528 300 136
90 91 529 301
91 92 276 529
301 529 276 137
109 110 530 302
110 111 273 530
302 530 273 138
92 93 531 277
93 94 303 531
277 531 303 140
111 112 532 279
112 113 304 532
279 532 304 139
98 99 533 225
99 100 305 533
225 533 305 176
117 118 534 227
118 119 306 534
227 534 306 175
113 114 535 307
114 115 234 535
307 535 234 180
94 95 536 308
95 96 236 536
308 536 236 179
84 85 537 309
85 86 232 537
309 537 232 177
103 104 538 310
104 105 230 538
310 538 230 178
107 108 539 223
108 109 311 539
223 539 311 174
88 89 540 221
89 90 312 540
221 540 312 173
88 202 541 314
202 166 313 541
314 541 313 154
107 199 542 316
199 165 315 542
316 542 315 153
86 317 543 203
317 154 318 543
203 543 318 170
105 319 544 206
319 153 320 544
206 544 320 169
98 211 545 322
211 167 321 545
322 545 321 155
117 214 546 324
214 168 323 546
324 546 323 156
96 325 547 218
325 155 326 547
218 547 326 172
115 327 548 215
327 156 328 548
215 548 328 171
14 329 549 330
329 134 265 549
330 549 265 184
52 331 550 332
331 133 262 550
332 550 262 183
75 333 551 334
333 182 280 551
334 551 280 139
37 335 552 336
335 181 278 552
336 552 278 140
33 337 553 338
337 137 275 553
338 553 275 181
71 339 554 340
339 138 272 554
340 554 272 182
56 341 555 342
341 183 268 555
342 555 268 135
18 343 556 344
343 184 270 556
344 556 270 136
29 345 557 30
345 145 237 557
30 557 237 31
67 346 558 68
346 146 240 558
68 558 240 69
10 347 559 11
347 148 243 559
11 559 243 12
48 348 560 49
348 147 246 560
49 560 246 50
39 251 561 40
251 150 349 561
40 561 349 41
77 254 562 78
254 149 350 562
78 562 350 79
58 257 563 59
257 151 351 563
59 563 351 60
20 260 564 21
260 152 352 564
21 564 352 22
35 353 565 36
353 181 335 565
36 565 335 37
73 354 566 74
354 182 333 566
74 566 333 75
14 330 567 15
330 184 355 567
15 567 355 16
52 332 568 53
332 183 356 568
53 568 356 54
16 355 569 17
355 184 343 569
17 569 343 18
54 356 570 55
356 183 341 570
55 570 341 56
33 338 571 34
338 181 353 571
34 571 353 35
71 340 572 72
340 182 354 572
72 572 354 73
100 298 573 305
298 133 357 573
305 573 357 176
119 297 574 306
297 134 358 574
306 574 358 175
103 310 575 299
310 178 359 575
299 575 359 135
84 309 576 300
309 177 360 576
300 576 360 136
90 301 577 312
301 137 361 577
312 577 361 173
109 302 578 311
302 138 362 578
311 578 362 174
113 307 579 304
307 180 363 579
304 579 363 139
94 308 580 303
308 179 364 580
303 580 364 140
121 365 581 367
365 191 366 581
367 581 366 141
122 368 582 370
368 192 369 582
370 582 369 142
123 371 583 373
371 190 372 583
373 583 372 144
124 374 584 376
374 189 375 584
376 584 375 143
124 376 585 378
376 143 377 585
378 585 377 187
123 373 586 380
373 144 379 586
380 586 379 188
121 367 587 382
367 141 381 587
382 587 381 186
122 370 588 384
370 142 383 588
384 588 383 185
121 385 589 365
385 145 386 589
365 589 386 191
122 387 590 368
387 146 388 590
368 590 388 192
123 389 591 371
389 147 390 591
371 591 390 190
124 391 592 374
391 148 392 592
374 592 392 189
124 378 593 394
378 187 393 593
394 593 393 149
123 380 594 396
380 188 395 594
396 594 395 150
121 382 595 398
382 186 397 595
398 595 397 152
122 384 596 400
384 185 399 596
400 596 399 151
52 401 597 331
401 159 402 597
331 597 402 133
14 403 598 329
403 160 404 598
329 598 404 134
71 405 599 339
405 158 406 599
339 599 406 138
33 407 600 337
407 157 408 600
337 600 408 137
75 334 601 410
334 139 409 601
410 601 409 163
37 336 602 412
336 140 411 602
412 602 411 164
18 344 603 414
344 136 413 603
414 603 413 161
56 342 604 416
342 135 415 604
416 604 415 162
86 87 605 317
87 88 314 605
317 605 314 154
105 106 606 319
106 107 316 606
319 606 316 153
96 97 607 325
97 98 322 607
325 607 322 155
115 116 608 327
116 117 324 608
327 608 324 156
50 286 609 51
286 159 401 609
51 609 401 52
12 288 610 13
288 160 403 610
13 610 403 14
37 412 611 38
412 164 293 611
38 611 293 39
75 410 612 76
410 163 295 612
76 612 295 77
18 414 613 19
414 161 291 613
19 613 291 20
56 416 614 57
416 162 289 614
57 614 289 58
69 284 615 70
284 158 405 615
70 615 405 71
31 282 616 32
282 157 407 616
32 616 407 33
62 417 617 418
417 185 383 617
418 617 383 142
24 419 618 420
419 186 381 618
420 618 381 141
43 421 619 422
421 188 379 619
422 619 379 144
81 423 620 424
423 187 377 620
424 620 377 143
8 425 621 426
425 143 375 621
426 621 375 189
46 427 622 428
427 144 372 622
428 622 372 190
27 429 623 430
429 141 366 623
430 623 366 191
65 431 624 432
431 142 369 624
432 624 369 192
60 433 625 61
433 185 417 625
61 625 417 62
22 434 626 23
434 186 419 626
23 626 419 24
41 435 627 42
435 188 421 627
42 627 421 43
79 436 628 80
436 187 423 628
80 628 423 81
8 426 629 9
426 189 437 629
9 629 437 10
46 428 630 47
428 190 438 630
47 630 438 48
65 432 631 66
432 192 439 631
66 631 439 67
27 430 632 28
430 191 440 632
28 632 440 29
27 441 633 429
441 193 442 633
429 633 442 141
65 443 634 431
443 194 444 634
431 634 444 142
24 420 635 445
420 141 442 635
445 635 442 193
62 418 636 446
418 142 444 636
446 636 444 194
8 447 637 425
447 195 448 637
425 637 448 143
46 449 638 427
449 196 450 638
427 638 450 144
43 422 639 451
422 144 450 639
451 639 450 196
81 424 640 452
424 143 448 640
452 640 448 195
2 453 641 64
453 194 443 641
64 641 443 65
4 454 642 26
454 193 441 642
26 642 441 27
1 455 643 7
455 195 447 643
7 643 447 8
3 456 644 45
456 196 449 644
45 644 449 46
2 63 645 453
63 62 446 645
453 645 446 194
4 25 646 454
25 24 445 646
454 646 445 193
1 82 647 455
82 81 452 647
455 647 452 195
3 44 648 456
44 43 451 648
456 648 451 196
126 238 649 201
238 145 457 649
201 649 457 166
125 241 650 198
241 146 458 650
198 650 458 165
128 247 651 210
247 147 459 651
210 651 459 167
127 244 652 213
244 148 460 652
213 652 460 168
132 216 653 253
216 171 461 653
253 653 461 149
131 219 654 250
219 172 462 654
250 654 462 150
130 207 655 256
207 169 463 655
256 655 463 151
129 204 656 259
204 170 464 656
259 656 464 152
124 465 657 391
465 168 460 657
391 657 460 148
123 466 658 389
466 167 459 658
389 658 459 147
121 467 659 385
467 166 457 659
385 659 457 145
122 468 660 387
468 165 458 660
387 660 458 146
124 394 661 469
394 149 461 661
469 661 461 171
123 396 662 470
396 150 462 662
470 662 462 172
122 400 663 471
400 151 463 663
471 663 463 169
121 398 664 472
398 152 464 664
472 664 464 170
123 473 665 466
473 155 321 665
466 665 321 167
124 474 666 465
474 156 323 666
465 666 323 168
124 469 667 474
469 171 328 667
474 667 328 156
123 470 668 473
470 172 326 668
473 668 326 155
122 475 669 468
475 153 315 669
468 669 315 165
121 476 670 467
476 154 313 670
467 670 313 166
122 471 671 475
471 169 320 671
475 671 320 153
121 472 672 476
472 170 318 672
476 672 318 154
10 437 673 347
437 189 392 673
347 673 392 148
48 438 674 348
438 190 390 674
348 674 390 147
67 439 675 346
439 192 388 675
346 675 388 146
29 440 676 345
440 191 386 676
345 676 386 145
41 349 677 435
349 150 395 677
435 677 395 188
79 350 678 436
350 149 393 678
436 678 393 187
60 351 679 433
351 151 399 679
433 679 399 185
22 352 680 434
352 152 397 680
434 680 397 186
138 406 681 362
406 158 477 681
362 681 477 174
137 408 682 361
408 157 478 682
361 682 478 173
134 404 683 358
404 160 479 683
358 683 479 175
133 402 684 357
402 159 480 684
357 684 480 176
135 359 685 415
359 178 481 685
415 685 481 162
136 360 686 413
360 177 482 686
413 686 482 161
140 364 687 411
364 179 483 687
411 687 483 164
139 363 688 409
363 180 484 688
409 688 484 163
126 222 689 281
222 173 478 689
281 689 478 157
125 224 690 283
224 174 477 690
283 690 477 158
130 290 691 229
290 162 481 691
229 691 481 178
129 292 692 231
292 161 482 692
231 692 482 177
127 228 693 287
228 175 479 693
287 693 479 160
128 226 694 285
226 176 480 694
285 694 480 159
132 296 695 233
296 163 484 695
233 695 484 180
131 294 696 235
294 164 483 696
235 696 483 179
798 802 1154 804
802 745 803 1154
804 1154 803 722
799 805 1155 807
805 742 806 1155
807 1155 806 723
800 808 1156 810
808 743 809 1156
810 1156 809 724
801 811 1157 813
811 744 812 1157
813 1157 812 725
797 814 1158 816
814 762 815 1158
816 1158 815 722
794 817 1159 819
817 763 818 1159
819 1159 818 723
795 820 1160 822
820 764 821 1160
822 1160 821 724
796 823 1161 825
823 765 824 1161
825 1161 824 725
1 7 1162 827
7 8 826 1162
827 1162 826 746
2 64 1163 829
64 65 828 1163
829 1163 828 749
3 45 1164 831
45 46 830 1164
831 1164 830 748
4 26 1165 833
26 27 832 1165
833 1165 832 747
1 827 1166 82
827 746 834 1166
82 1166 834 81
2 829 1167 63
829 749 835 1167
63 1167 835 62
3 831 1168 44
831 748 836 1168
44 1168 836 43
4 833 1169 25
833 747 837 1169
25 1169 837 24
702 838 1170 839
838 794 819 1170
839 1170 819 723
703 840 1171 841
840 795 822 1171
841 1171 822 724
704 842 1172 843
842 796 825 1172
843 1172 825 725
705 844 1173 845
844 797 816 1173
845 1173 816 722
718 846 1174 847
846 798 804 1174
847 1174 804 722
719 848 1175 849
848 799 807 1175
849 1175 807 723
720 850 1176 851
850 800 810 1176
851 1176 810 724
721 852 1177 853
852 801 813 1177
853 1177 813 725
711 854 1178 856
854 739 855 1178
856 1178 855 758
712 857 1179 859
857 740 858 1179
859 1179 858 759
713 860 1180 862
860 741 861 1180
862 1180 861 760
710 863 1181 865
863 738 864 1181
865 1181 864 761
699 866 1182 867
866 758 855 1182
867 1182 855 739
700 868 1183 869
868 759 858 1183
869 1183 858 740
701 870 1184 871
870 760 861 1184
871 1184 861 741
698 872 1185 873
872 761 864 1185
873 1185 864 738
16 17 1186 875
17 18 874 1186
875 1186 874 726
35 36 1187 877
36 37 876 1187
877 1187 876 727
54 55 1188 879
55 56 878 1188
879 1188 878 728
73 74 1189 881
74 75 880 1189
881 1189 880 729
18 882 1190 874
882 774 883 1190
874 1190 883 726
37 884 1191 876
884 775 885 1191
876 1191 885 727
56 886 1192 878
886 776 887 1192
878 1192 887 728
75 888 1193 880
888 777 889 1193
880 1193 889 729
718 847 1194 891
847 722 890 1194
891 1194 890 786
719 849 1195 893
849 723 892 1195
893 1195 892 787
720 851 1196 895
851 724 894 1196
895 1196 894 788
721 853 1197 897
853 725 896 1197
897 1197 896 789
702 839 1198 899
839 723 898 1198
899 1198 898 766
703 841 1199 901
841 724 900 1199
901 1199 900 767
704 843 1200 903
843 725 902 1200
903 1200 902 768
705 845 1201 905
845 722 904 1201
905 1201 904 769
714 906 1202 907
906 726 883 1202
907 1202 883 774
715 908 1203 909
908 727 885 1203
909 1203 885 775
716 910 1204 911
910 728 887 1204
911 1204 887 776
717 912 1205 913
912 729 889 1205
913 1205 889 777
10 11 1206 915
11 12 914 1206
915 1206 914 733
29 30 1207 917
30 31 916 1207
917 1207 916 730
48 49 1208 919
49 50 918 1208
919 1208 918 731
67 68 1209 921
68 69 920 1209
921 1209 920 732
20 21 1210 923
21 22 922 1210
923 1210 922 735
39 40 1211 925
40 41 924 1211
925 1211 924 736
58 59 1212 927
59 60 926 1212
927 1212 926 737
77 78 1213 929
78 79 928 1213
929 1213 928 734
16 875 1214 931
875 726 930 1214
931 1214 930 750
35 877 1215 933
877 727 932 1215
933 1215 932 751
54 879 1216 935
879 728 934 1216
935 1216 934 752
73 881 1217 937
881 729 936 1217
937 1217 936 753
714 938 1218 940
938 735 939 1218
940 1218 939 754
715 941 1219 943
941 736 942 1219
943 1219 942 755
716 944 1220 946
944 737 945 1220
946 1220 945 756
717 947 1221 949
947 734 948 1221
949 1221 948 757
702 950 1222 952
950 790 951 1222
952 1222 951 726
703 953 1223 955
953 791 954 1223
955 1223 954 727
704 956 1224 958
956 792 957 1224
958 1224 957 728
705 959 1225 961
959 793 960 1225
961 1225 960 729
717 949 1226 963
949 757 962 1226
963 1226 962 762
714 940 1227 965
940 754 964 1227
965 1227 964 763
715 943 1228 967
943 755 966 1228
967 1228 966 764
716 946 1229 969
946 756 968 1229
969 1229 968 765
718 970 1230 972
970 738 971 1230
972 1230 971 766
719 973 1231 975
973 739 974 1231
975 1231 974 767
720 976 1232 978
976 740 977 1232
978 1232 977 768
721 979 1233 981
979 741 980 1233
981 1233 980 769
706 982 1234 984
982 733 983 1234
984 1234 983 761
707 985 1235 987
985 730 986 1235
987 1235 986 758
708 988 1236 990
988 731 989 1236
990 1236 989 759
709 991 1237 993
991 732 992 1237
993 1237 992 760
702 899 1238 994
899 766 971 1238
994 1238 971 738
703 901 1239 995
901 767 974 1239
995 1239 974 739
704 903 1240 996
903 768 977 1240
996 1240 977 740
705 905 1241 997
905 769 980 1241
997 1241 980 741
14 15 1242 998
15 16 931 1242
998 1242 931 750
33 34 1243 999
34 35 933 1243
999 1243 933 751
52 53 1244 1000
53 54 935 1244
1000 1244 935 752
71 72 1245 1001
72 73 937 1245
1001 1245 937 753
10 915 1246 1003
915 733 1002 1246
1003 1246 1002 781
29 917 1247 1005
917 730 1004 1247
1005 1247 1004 778
48 919 1248 1007
919 731 1006 1248
1007 1248 1006 779
67 921 1249 1009
921 732 1008 1249
1009 1249 1008 780
79 1010 1250 928
1010 785 1011 1250
928 1250 1011 734
22 1012 1251 922
1012 782 1013 1251
922 1251 1013 735
41 1014 1252 924
1014 783 1015 1252
924 1252 1015 736
60 1016 1253 926
1016 784 1017 1253
926 1253 1017 737
710 865 1254 1018
865 761 983 1254
1018 1254 983 733
711 856 1255 1019
856 758 986 1255
1019 1255 986 730
712 859 1256 1020
859 759 989 1256
1020 1256 989 731
713 862 1257 1021
862 760 992 1257
1021 1257 992 732
707 1022 1258 1023
1022 754 939 1258
1023 1258 939 735
708 1024 1259 1025
1024 755 942 1259
1025 1259 942 736
709 1026 1260 1027
1026 756 945 1260
1027 1260 945 737
706 1028 1261 1029
1028 757 948 1261
1029 1261 948 734
698 1030 1262 1031
1030 762 962 1262
1031 1262 962 757
699 1032 1263 1033
1032 763 964 1263
1033 1263 964 754
700 1034 1264 1035
1034 764 966 1264
1035 1264 966 755
701 1036 1265 1037
1036 765 968 1265
1037 1265 968 756
27 28 1266 1038
28 29 1005 1266
1038 1266 1005 778
46 47 1267 1039
47 48 1007 1267
1039 1267 1007 779
65 66 1268 1040
66 67 1009 1268
1040 1268 1009 780
8 9 1269 1041
9 10 1003 1269
1041 1269 1003 781
22 23 1270 1012
23 24 1042 1270
1012 1270 1042 782
41 42 1271 1014
42 43 1043 1271
1014 1271 1043 783
60 61 1272 1016
61 62 1044 1272
1016 1272 1044 784
79 80 1273 1010
80 81 1045 1273
1010 1273 1045 785
726 951 1274 930
951 790 1046 1274
930 1274 1046 750
727 954 1275 932
954 791 1047 1275
932 1275 1047 751
728 957 1276 934
957 792 1048 1276
934 1276 1048 752
729 960 1277 936
960 793 1049 1277
936 1277 1049 753
27 1038 1278 832
1038 778 1050 1278
832 1278 1050 747
46 1039 1279 830
1039 779 1051 1279
830 1279 1051 748
65 1040 1280 828
1040 780 1052 1280
828 1280 1052 749
8 1041 1281 826
1041 781 1053 1281
826 1281 1053 746
24 837 1282 1042
837 747 1054 1282
1042 1282 1054 782
43 836 1283 1043
836 748 1055 1283
1043 1283 1055 783
62 835 1284 1044
835 749 1056 1284
1044 1284 1056 784
81 834 1285 1045
834 746 1057 1285
1045 1285 1057 785
707 987 1286 1022
987 758 1058 1286
1022 1286 1058 754
708 990 1287 1024
990 759 1059 1287
1024 1287 1059 755
709 993 1288 1026
993 760 1060 1288
1026 1288 1060 756
706 984 1289 1028
984 761 1061 1289
1028 1289 1061 757
718 891 1290 970
891 786 1062 1290
970 1290 1062 738
719 893 1291 973
893 787 1063 1291
973 1291 1063 739
720 895 1292 976
895 788 1064 1292
976 1292 1064 740
721 897 1293 979
897 789 1065 1293
979 1293 1065 741
702 952 1294 838
952 726 1066 1294
838 1294 1066 794
703 955 1295 840
955 727 1067 1295
840 1295 1067 795
704 958 1296 842
958 728 1068 1296
842 1296 1068 796
705 961 1297 844
961 729 1069 1297
844 1297 1069 797
714 1070 1298 906
1070 794 1066 1298
906 1298 1066 726
715 1071 1299 908
1071 795 1067 1299
908 1299 1067 727
716 1072 1300 910
1072 796 1068 1300
910 1300 1068 728
717 1073 1301 912
1073 797 1069 1301
912 1301 1069 729
12 1074 1302 914
1074 770 1075 1302
914 1302 1075 733
31 1076 1303 916
1076 771 1077 1303
916 1303 1077 730
50 1078 1304 918
1078 772 1079 1304
918 1304 1079 731
69 1080 1305 920
1080 773 1081 1305
920 1305 1081 732
714 907 1306 938
907 774 1082 1306
938 1306 1082 735
715 909 1307 941
909 775 1083 1307
941 1307 1083 736
716 911 1308 944
911 776 1084 1308
944 1308 1084 737
717 913 1309 947
913 777 1085 1309
947 1309 1085 734
710 1018 1310 1086
1018 733 1075 1310
1086 1310 1075 770
711 1019 1311 1087
1019 730 1077 1311
1087 1311 1077 771
712 1020 1312 1088
1020 731 1079 1312
1088 1312 1079 772
713 1021 1313 1089
1021 732 1081 1313
1089 1313 1081 773
77 929 1314 1090
929 734 1085 1314
1090 1314 1085 777
20 923 1315 1091
923 735 1082 1315
1091 1315 1082 774
39 925 1316 1092
925 736 1083 1316
1092 1316 1083 775
58 927 1317 1093
927 737 1084 1317
1093 1317 1084 776
698 1094 1318 1030
1094 786 1095 1318
1030 1318 1095 762
699 1096 1319 1032
1096 787 1097 1319
1032 1319 1097 763
700 1098 1320 1034
1098 788 1099 1320
1034 1320 1099 764
701 1100 1321 1036
1100 789 1101 1321
1036 1321 1101 765
722 815 1322 890
815 762 1095 1322
890 1322 1095 786
723 818 1323 892
818 763 1097 1323
892 1323 1097 787
724 821 1324 894
821 764 1099 1324
894 1324 1099 788
725 824 1325 896
824 765 1101 1325
896 1325 1101 789
698 873 1326 1094
873 738 1062 1326
1094 1326 1062 786
699 867 1327 1096
867 739 1063 1327
1096 1327 1063 787
700 869 1328 1098
869 740 1064 1328
1098 1328 1064 788
701 871 1329 1100
871 741 1065 1329
1100 1329 1065 789
706 1102 1330 982
1102 781 1002 1330
982 1330 1002 733
707 1103 1331 985
1103 778 1004 1331
985 1331 1004 730
708 1104 1332 988
1104 779 1006 1332
988 1332 1006 731
709 1105 1333 991
1105 780 1008 1333
991 1333 1008 732
707 1023 1334 1106
1023 735 1013 1334
1106 1334 1013 782
708 1025 1335 1107
1025 736 1015 1335
1107 1335 1015 783
709 1027 1336 1108
1027 737 1017 1336
1108 1336 1017 784
706 1029 1337 1109
1029 734 1011 1337
1109 1337 1011 785
710 1110 1338 863
1110 790 1111 1338
863 1338 1111 738
711 1112 1339 854
1112 791 1113 1339
854 1339 1113 739
712 1114 1340 857
1114 792 1115 1340
857 1340 1115 740
713 1116 1341 860
1116 793 1117 1341
860 1341 1117 741
702 994 1342 950
994 738 1111 1342
950 1342 1111 790
703 995 1343 953
995 739 1113 1343
953 1343 1113 791
704 996 1344 956
996 740 1115 1344
956 1344 1115 792
705 997 1345 959
997 741 1117 1345
959 1345 1117 793
698 1031 1346 872
1031 757 1061 1346
872 1346 1061 761
699 1033 1347 866
1033 754 1058 1347
866 1347 1058 758
700 1035 1348 868
1035 755 1059 1348
868 1348 1059 759
701 1037 1349 870
1037 756 1060 1349
870 1349 1060 760
722 803 1350 904
803 745 1118 1350
904 1350 1118 769
723 806 1351 898
806 742 1119 1351
898 1351 1119 766
724 809 1352 900
809 743 1120 1352
900 1352 1120 767
725 812 1353 902
812 744 1121 1353
902 1353 1121 768
718 972 1354 1122
972 766 1119 1354
1122 1354 1119 742
719 975 1355 1123
975 767 1120 1355
1123 1355 1120 743
720 978 1356 1124
978 768 1121 1356
1124 1356 1121 744
721 981 1357 1125
981 769 1118 1357
1125 1357 1118 745
706 1126 1358 1102
1126 746 1053 1358
1102 1358 1053 781
707 1127 1359 1103
1127 747 1050 1359
1103 1359 1050 778
708 1128 1360 1104
1128 748 1051 1360
1104 1360 1051 779
709 1129 1361 1105
1129 749 1052 1361
1105 1361 1052 780
706 1109 1362 1126
1109 785 1057 1362
1126 1362 1057 746
707 1106 1363 1127
1106 782 1054 1363
1127 1363 1054 747
708 1107 1364 1128
1107 783 1055 1364
1128 1364 1055 748
709 1108 1365 1129
1108 784 1056 1365
1129 1365 1056 749
14 998 1366 1131
998 750 1130 1366
1131 1366 1130 770
33 999 1367 1133
999 751 1132 1367
1133 1367 1132 771
52 1000 1368 1135
1000 752 1134 1368
1135 1368 1134 772
71 1001 1369 1137
1001 753 1136 1369
1137 1369 1136 773
710 1086 1370 1138
1086 770 1130 1370
1138 1370 1130 750
711 1087 1371 1139
1087 771 1132 1371
1139 1371 1132 751
712 1088 1372 1140
1088 772 1134 1372
1140 1372 1134 752
713 1089 1373 1141
1089 773 1136 1373
1141 1373 1136 753
12 13 1374 1074
13 14 1131 1374
1074 1374 1131 770
31 32 1375 1076
32 33 1133 1375
1076 1375 1133 771
50 51 1376 1078
51 52 1135 1376
1078 1376 1135 772
69 70 1377 1080
70 71 1137 1377
1080 1377 1137 773
18 19 1378 882
19 20 1091 1378
882 1378 1091 774
37 38 1379 884
38 39 1092 1379
884 1379 1092 775
56 57 1380 886
57 58 1093 1380
886 1380 1093 776
75 76 1381 888
76 77 1090 1381
888 1381 1090 777
697 1142 1382 1144
1142 798 1143 1382
1144 1382 1143 742
697 1144 1383 1145
1144 742 805 1383
1145 1383 805 799
697 1145 1384 1147
1145 799 1146 1384
1147 1384 1146 743
697 1147 1385 1148
1147 743 808 1385
1148 1385 808 800
697 1148 1386 1150
1148 800 1149 1386
1150 1386 1149 744
697 1150 1387 1151
1150 744 811 1387
1151 1387 811 801
697 1152 1388 1142
1152 745 802 1388
1142 1388 802 798
697 1151 1389 1152
1151 801 1153 1389
1152 1389 1153 745
710 1138 1390 1110
1138 750 1046 1390
1110 1390 1046 790
711 1139 1391 1112
1139 751 1047 1391
1112 1391 1047 791
712 1140 1392 1114
1140 752 1048 1392
1114 1392 1048 792
713 1141 1393 1116
1141 753 1049 1393
1116 1393 1049 793
718 1122 1394 846
1122 742 1143 1394
846 1394 1143 798
719 1123 1395 848
1123 743 1146 1395
848 1395 1146 799
720 1124 1396 850
1124 744 1149 1396
850 1396 1149 800
721 1125 1397 852
1125 745 1153 1397
852 1397 1153 801
714 965 1398 1070
965 763 817 1398
1070 1398 817 794
715 967 1399 1071
967 764 820 1399
1071 1399 820 795
716 969 1400 1072
969 765 823 1400
1072 1400 823 796
717 963 1401 1073
963 762 814 1401
1073 1401 814 797
