720
1361 2 546 547 2
1363 2 544 545 1
1364 2 545 2 1
1364 2 546 2 2
1365 2 368 367 1
1367 2 365 366 4
1368 2 3 367 1
1368 2 3 366 4
1369 2 188 189 4
1371 2 186 187 3
1372 2 187 4 3
1372 2 4 188 4
1373 2 9 10 3
1375 2 723 724 2
1376 2 1 724 2
1376 2 9 1 3
1745 2 115 116 3
1748 2 114 115 3
1749 2 294 295 4
1752 2 293 294 4
1753 2 473 474 1
1756 2 472 473 1
1757 2 652 653 2
1760 2 651 652 2
1761 2 80 81 3
1762 2 81 82 3
1765 2 259 260 4
1766 2 260 261 4
1769 2 438 439 1
1770 2 440 439 1
1773 2 617 618 2
1774 2 618 619 2
2217 2 56 55 3
2220 2 54 55 3
2221 2 234 235 4
2224 2 233 234 4
2225 2 413 414 1
2228 2 412 413 1
2229 2 592 593 2
2232 2 592 591 2
2233 2 140 141 3
2234 2 141 142 3
2237 2 320 319 4
2238 2 320 321 4
2241 2 498 499 1
2242 2 499 500 1
2245 2 677 678 2
2246 2 678 679 2
2297 2 144 143 3
2300 2 142 143 3
2301 2 322 323 4
2304 2 321 322 4
2305 2 501 502 1
2308 2 500 501 1
2309 2 680 681 2
2312 2 680 679 2
2313 2 52 53 3
2314 2 53 54 3
2317 2 232 231 4
2318 2 232 233 4
2321 2 410 411 1
2322 2 411 412 1
2325 2 589 590 2
2326 2 590 591 2
3081 2 75 76 3
3084 2 74 75 3
3085 2 254 255 4
3088 2 253 254 4
3089 2 433 434 1
3092 2 432 433 1
3093 2 612 613 2
3096 2 611 612 2
3097 2 120 121 3
3098 2 121 122 3
3101 2 299 300 4
3102 2 300 301 4
3105 2 478 479 1
3106 2 480 479 1
3109 2 657 658 2
3110 2 658 659 2
3817 2 25 26 3
3820 2 24 25 3
3821 2 204 205 4
3824 2 203 204 4
3825 2 384 383 1
3828 2 382 383 1
3829 2 562 563 2
3832 2 561 562 2
3833 2 170 171 3
3834 2 171 172 3
3837 2 349 350 4
3838 2 350 351 4
3841 2 528 529 1
3842 2 529 530 1
3845 2 707 708 2
3846 2 708 709 2
4347 2 84 85 3
4348 2 85 86 3
4351 2 264 263 4
4352 2 264 265 4
4355 2 442 443 1
4356 2 443 444 1
4359 2 621 622 2
4360 2 622 623 2
5289 2 112 111 3
5292 2 110 111 3
5293 2 290 291 4
5296 2 289 290 4
5297 2 469 470 1
5300 2 468 469 1
5301 2 648 649 2
5304 2 648 647 2
5481 2 41 42 3
5484 2 40 41 3
5485 2 220 221 4
5488 2 219 220 4
5489 2 400 399 1
5492 2 398 399 1
5493 2 578 579 2
5496 2 577 578 2
6361 2 692 693 2
6364 2 691 692 2
6365 2 155 156 3
6368 2 154 155 3
6369 2 334 335 4
6372 2 333 334 4
6373 2 513 514 1
6376 2 512 513 1
7066 2 26 27 3
7067 2 27 28 3
7070 2 205 206 4
7071 2 206 207 4
7074 2 384 385 1
7075 2 385 386 1
7078 2 563 564 2
7079 2 564 565 2
8058 2 112 113 3
8059 2 113 114 3
8062 2 291 292 4
8063 2 292 293 4
8066 2 470 471 1
8067 2 472 471 1
8070 2 649 650 2
8071 2 650 651 2
8075 2 82 83 3
8076 2 83 84 3
8079 2 261 262 4
8080 2 262 263 4
8083 2 440 441 1
8084 2 441 442 1
8087 2 619 620 2
8088 2 620 621 2
8761 2 51 52 3
8764 2 50 51 3
8765 2 230 231 4
8768 2 229 230 4
8769 2 409 410 1
8772 2 408 409 1
8773 2 588 589 2
8776 2 587 588 2
8777 2 144 145 3
8778 2 145 146 3
8781 2 323 324 4
8782 2 324 325 4
8785 2 502 503 1
8786 2 504 503 1
8789 2 681 682 2
8790 2 682 683 2
9241 2 149 150 3
9244 2 148 149 3
9245 2 328 329 4
9248 2 328 327 4
9249 2 507 508 1
9252 2 506 507 1
9253 2 686 687 2
9256 2 685 686 2
9257 2 46 47 3
9258 2 48 47 3
9261 2 225 226 4
9262 2 226 227 4
9265 2 404 405 1
9266 2 405 406 1
9269 2 584 583 2
9270 2 584 585 2
9338 2 98 99 3
9339 2 99 100 3
9342 2 277 278 4
9343 2 278 279 4
9346 2 456 457 1
9347 2 457 458 1
9350 2 635 636 2
9351 2 636 637 2
10370 2 689 690 2
10371 2 690 691 2
10374 2 152 153 3
10375 2 153 154 3
10378 2 331 332 4
10379 2 332 333 4
10382 2 510 511 1
10383 2 512 511 1
10386 2 42 43 3
10387 2 43 44 3
10390 2 221 222 4
10391 2 222 223 4
10394 2 400 401 1
10395 2 401 402 1
10398 2 579 580 2
10399 2 580 581 2
10433 2 165 166 3
10436 2 164 165 3
10437 2 344 345 4
10440 2 344 343 4
10441 2 523 524 1
10444 2 522 523 1
10445 2 702 703 2
10448 2 701 702 2
10690 2 712 711 2
10691 2 712 713 2
10694 2 174 175 3
10695 2 176 175 3
10698 2 353 354 4
10699 2 354 355 4
10702 2 532 533 1
10703 2 533 534 1
10707 2 20 21 3
10708 2 21 22 3
10711 2 200 199 4
10712 2 200 201 4
10715 2 378 379 1
10716 2 379 380 1
10719 2 557 558 2
10720 2 558 559 2
11697 2 104 103 3
11700 2 102 103 3
11701 2 282 283 4
11704 2 281 282 4
11705 2 461 462 1
11708 2 460 461 1
11709 2 640 641 2
11712 2 640 639 2
11955 2 104 105 3
11956 2 105 106 3
11959 2 283 284 4
11960 2 284 285 4
11963 2 462 463 1
11964 2 464 463 1
11967 2 641 642 2
11968 2 642 643 2
12081 2 109 110 3
12084 2 108 109 3
12085 2 288 289 4
12088 2 288 287 4
12089 2 467 468 1
12092 2 466 467 1
12093 2 646 647 2
12096 2 645 646 2
12193 2 17 18 3
12196 2 16 17 3
12197 2 196 197 4
12200 2 195 196 4
12201 2 376 375 1
12204 2 374 375 1
12205 2 554 555 2
12208 2 553 554 2
12209 2 715 716 2
12210 2 716 717 2
12213 2 536 537 1
12214 2 537 538 1
12217 2 178 179 3
12218 2 179 180 3
12221 2 357 358 4
12222 2 358 359 4
12418 2 90 91 3
12419 2 91 92 3
12422 2 269 270 4
12423 2 270 271 4
12426 2 448 449 1
12427 2 449 450 1
12430 2 627 628 2
12431 2 628 629 2
12434 2 699 700 2
12435 2 700 701 2
12438 2 162 163 3
12439 2 163 164 3
12442 2 341 342 4
12443 2 342 343 4
12446 2 520 521 1
12447 2 521 522 1
12451 2 211 212 4
12452 2 212 213 4
12455 2 390 391 1
12456 2 392 391 1
12459 2 569 570 2
12460 2 570 571 2
12463 2 32 33 3
12464 2 33 34 3
13697 2 80 79 3
13700 2 78 79 3
13701 2 258 259 4
13704 2 257 258 4
13705 2 437 438 1
13708 2 436 437 1
13709 2 616 617 2
13712 2 616 615 2
13713 2 116 117 3
13714 2 117 118 3
13717 2 296 295 4
13718 2 296 297 4
13721 2 474 475 1
13722 2 475 476 1
13725 2 653 654 2
13726 2 654 655 2
13730 2 22 23 3
13731 2 24 23 3
13734 2 560 559 2
13735 2 560 561 2
13738 2 201 202 4
13739 2 202 203 4
13742 2 380 381 1
13743 2 381 382 1
13747 2 172 173 3
13748 2 173 174 3
13751 2 352 351 4
13752 2 352 353 4
13755 2 530 531 1
13756 2 531 532 1
13759 2 709 710 2
13760 2 710 711 2
13779 2 158 159 3
13780 2 160 159 3
13783 2 337 338 4
13784 2 338 339 4
13787 2 516 517 1
13788 2 517 518 1
13791 2 696 695 2
13792 2 696 697 2
13794 2 36 37 3
13795 2 37 38 3
13798 2 216 215 4
13799 2 216 217 4
13802 2 394 395 1
13803 2 395 396 1
13806 2 573 574 2
13807 2 574 575 2
13811 2 124 125 3
13812 2 125 126 3
13815 2 304 303 4
13816 2 304 305 4
13819 2 482 483 1
13820 2 483 484 1
13823 2 661 662 2
13824 2 662 663 2
13826 2 70 71 3
13827 2 72 71 3
13830 2 249 250 4
13831 2 250 251 4
13834 2 428 429 1
13835 2 429 430 1
13838 2 608 607 2
13839 2 608 609 2
13890 2 56 57 3
13891 2 57 58 3
13894 2 235 236 4
13895 2 236 237 4
13898 2 414 415 1
13899 2 416 415 1
13902 2 593 594 2
13903 2 594 595 2
13907 2 138 139 3
13908 2 139 140 3
13911 2 317 318 4
13912 2 318 319 4
13915 2 496 497 1
13916 2 497 498 1
13919 2 675 676 2
13920 2 676 677 2
14178 2 128 129 3
14179 2 129 130 3
14182 2 307 308 4
14183 2 308 309 4
14186 2 486 487 1
14187 2 488 487 1
14190 2 665 666 2
14191 2 666 667 2
14195 2 66 67 3
14196 2 67 68 3
14199 2 245 246 4
14200 2 246 247 4
14203 2 424 425 1
14204 2 425 426 1
14207 2 603 604 2
14208 2 604 605 2
14257 2 93 94 3
14260 2 92 93 3
14261 2 272 273 4
14264 2 272 271 4
14265 2 451 452 1
14268 2 450 451 1
14269 2 630 631 2
14272 2 629 630 2
14305 2 97 98 3
14308 2 96 97 3
14309 2 276 277 4
14312 2 275 276 4
14313 2 456 455 1
14316 2 454 455 1
14317 2 634 635 2
14320 2 633 634 2
14819 2 86 87 3
14820 2 88 87 3
14823 2 265 266 4
14824 2 266 267 4
14827 2 444 445 1
14828 2 445 446 1
14831 2 624 623 2
14832 2 624 625 2
14946 2 693 694 2
14947 2 694 695 2
14950 2 156 157 3
14951 2 157 158 3
14954 2 336 335 4
14955 2 336 337 4
14958 2 514 515 1
14959 2 515 516 1
15346 2 68 69 3
15347 2 69 70 3
15350 2 248 247 4
15351 2 248 249 4
15354 2 426 427 1
15355 2 427 428 1
15358 2 605 606 2
15359 2 606 607 2
15363 2 126 127 3
15364 2 128 127 3
15367 2 305 306 4
15368 2 306 307 4
15371 2 484 485 1
15372 2 485 486 1
15375 2 664 663 2
15376 2 664 665 2
16050 2 34 35 3
16051 2 35 36 3
16054 2 213 214 4
16055 2 214 215 4
16058 2 392 393 1
16059 2 393 394 1
16062 2 571 572 2
16063 2 572 573 2
16067 2 160 161 3
16068 2 161 162 3
16071 2 339 340 4
16072 2 340 341 4
16075 2 518 519 1
16076 2 520 519 1
16079 2 697 698 2
16080 2 698 699 2
16722 2 76 77 3
16723 2 77 78 3
16726 2 256 255 4
16727 2 256 257 4
16730 2 434 435 1
16731 2 435 436 1
16734 2 613 614 2
16735 2 614 615 2
16739 2 118 119 3
16740 2 120 119 3
16743 2 297 298 4
16744 2 298 299 4
16747 2 476 477 1
16748 2 477 478 1
16751 2 656 655 2
16752 2 656 657 2
16833 2 44 45 3
16834 2 45 46 3
16837 2 224 223 4
16838 2 224 225 4
16841 2 402 403 1
16842 2 403 404 1
16845 2 581 582 2
16846 2 582 583 2
16849 2 152 151 3
16852 2 150 151 3
16853 2 330 331 4
16856 2 329 330 4
16857 2 509 510 1
16860 2 508 509 1
16861 2 688 689 2
16864 2 688 687 2
16994 2 88 89 3
16995 2 89 90 3
16998 2 267 268 4
16999 2 268 269 4
17002 2 446 447 1
17003 2 448 447 1
17006 2 625 626 2
17007 2 626 627 2
17089 2 169 170 3
17092 2 168 169 3
17093 2 348 349 4
17096 2 347 348 4
17097 2 528 527 1
17100 2 526 527 1
17101 2 706 707 2
17104 2 705 706 2
17409 2 60 61 3
17410 2 61 62 3
17413 2 240 239 4
17414 2 240 241 4
17417 2 418 419 1
17418 2 419 420 1
17421 2 597 598 2
17422 2 598 599 2
17425 2 136 135 3
17428 2 134 135 3
17429 2 314 315 4
17432 2 313 314 4
17433 2 493 494 1
17436 2 492 493 1
17437 2 672 673 2
17440 2 672 671 2
18113 2 197 198 4
18114 2 198 199 4
18117 2 376 377 1
18118 2 377 378 1
18121 2 555 556 2
18122 2 556 557 2
18125 2 18 19 3
18126 2 19 20 3
18129 2 714 715 2
18132 2 713 714 2
18133 2 177 178 3
18136 2 176 177 3
18137 2 356 357 4
18140 2 355 356 4
18141 2 536 535 1
18144 2 534 535 1
18562 2 14 15 3
18563 2 16 15 3
18566 2 193 194 4
18567 2 194 195 4
18570 2 372 373 1
18571 2 373 374 1
18574 2 552 551 2
18575 2 552 553 2
18579 2 717 718 2
18580 2 718 719 2
18583 2 180 181 3
18584 2 181 182 3
18587 2 360 359 4
18588 2 360 361 4
18591 2 538 539 1
18592 2 539 540 1
19058 2 94 95 3
19059 2 96 95 3
19062 2 273 274 4
19063 2 274 275 4
19066 2 452 453 1
19067 2 453 454 1
19070 2 632 631 2
19071 2 632 633 2
19203 2 62 63 3
19204 2 64 63 3
19207 2 241 242 4
19208 2 242 243 4
19211 2 420 421 1
19212 2 421 422 1
19215 2 600 599 2
19216 2 600 601 2
19218 2 132 133 3
19219 2 133 134 3
19222 2 312 311 4
19223 2 312 313 4
19226 2 490 491 1
19227 2 491 492 1
19230 2 669 670 2
19231 2 670 671 2
19329 2 64 65 3
19330 2 65 66 3
19333 2 243 244 4
19334 2 244 245 4
19337 2 422 423 1
19338 2 424 423 1
19341 2 601 602 2
19342 2 602 603 2
19345 2 131 132 3
19348 2 130 131 3
19349 2 310 311 4
19352 2 309 310 4
19353 2 489 490 1
19356 2 488 489 1
19357 2 668 669 2
19360 2 667 668 2
19697 2 190 191 4
19700 2 189 190 4
19701 2 369 370 1
19704 2 368 369 1
19705 2 548 549 2
19708 2 547 548 2
19709 2 11 12 3
19712 2 10 11 3
19713 2 184 185 3
19714 2 185 186 3
19717 2 363 364 4
19718 2 364 365 4
19721 2 542 543 1
19722 2 544 543 1
19725 2 721 722 2
19726 2 722 723 2
20034 2 28 29 3
20035 2 29 30 3
20038 2 208 207 4
20039 2 208 209 4
20042 2 386 387 1
20043 2 387 388 1
20046 2 565 566 2
20047 2 566 567 2
20947 2 106 107 3
20948 2 107 108 3
20951 2 285 286 4
20952 2 286 287 4
20955 2 464 465 1
20956 2 465 466 1
20959 2 643 644 2
20960 2 644 645 2
21122 2 100 101 3
21123 2 101 102 3
21126 2 280 279 4
21127 2 280 281 4
21130 2 458 459 1
21131 2 459 460 1
21134 2 637 638 2
21135 2 638 639 2
21265 2 13 14 3
21268 2 12 13 3
21269 2 192 193 4
21272 2 192 191 4
21273 2 371 372 1
21276 2 370 371 1
21277 2 550 551 2
21280 2 549 550 2
21281 2 720 719 2
21282 2 720 721 2
21285 2 182 183 3
21286 2 184 183 3
21289 2 361 362 4
21290 2 362 363 4
21293 2 540 541 1
21294 2 541 542 1
22337 2 210 211 4
22340 2 209 210 4
22341 2 389 390 1
22344 2 388 389 1
22345 2 568 569 2
22348 2 568 567 2
22349 2 32 31 3
22352 2 30 31 3
22353 2 704 705 2
22356 2 704 703 2
22357 2 168 167 3
22360 2 166 167 3
22361 2 346 347 4
22364 2 345 346 4
22365 2 525 526 1
22368 2 524 525 1
23537 2 122 123 3
23538 2 123 124 3
23541 2 301 302 4
23542 2 302 303 4
23545 2 480 481 1
23546 2 481 482 1
23549 2 659 660 2
23550 2 660 661 2
23553 2 73 74 3
23556 2 72 73 3
23557 2 252 253 4
23560 2 251 252 4
23561 2 432 431 1
23564 2 430 431 1
23565 2 610 611 2
23568 2 609 610 2
24209 2 218 219 4
24212 2 217 218 4
24213 2 397 398 1
24216 2 396 397 1
24217 2 576 577 2
24220 2 576 575 2
24221 2 40 39 3
24224 2 38 39 3
24449 2 59 60 3
24452 2 58 59 3
24453 2 238 239 4
24456 2 237 238 4
24457 2 417 418 1
24460 2 416 417 1
24461 2 596 597 2
24464 2 595 596 2
24465 2 136 137 3
24466 2 137 138 3
24469 2 315 316 4
24470 2 316 317 4
24473 2 494 495 1
24474 2 496 495 1
24477 2 673 674 2
24478 2 674 675 2
25249 2 147 148 3
25252 2 146 147 3
25253 2 326 327 4
25256 2 325 326 4
25257 2 505 506 1
25260 2 504 505 1
25261 2 684 685 2
25264 2 683 684 2
25265 2 48 49 3
25266 2 49 50 3
25269 2 227 228 4
25270 2 228 229 4
25273 2 406 407 1
25274 2 408 407 1
25277 2 585 586 2
25278 2 586 587 2
